003
0053
00103
00153
00203
00253
00303
00353
00403
00453
00503
00553
00603
00653
00703
00753
00803
00853
00903
00953
001003
001053
001103
001153
001203
001253
001303
001353
001403
001453
001503
001553
001603
001653
001703
001753
001803
001853
001903
001953
003
0053
00103
00153
00203
00253
00303
00353
00403
00453
00503
00553
00603
00653
00703
00753
00803
00853
00903
00953
001003
001053
001103
001153
001203
001253
001303
001353
001403
001453
001503
001553
001603
001653
001703
001753
001803
001853
001903
001953
003
0053
00103
00153
00203
00253
00303
00353
00403
00453
00503
00553
00603
00653
00703
00753
00803
00853
00903
00953
001003
001053
001103
001153
001203
001253
001303
001353
001403
001453
001503
001553
001603
001653
001703
001753
001803
001853
001903
001953
003
0053
00103
00153
00203
00253
00303
00353
00403
00453
00503
00553
00603
00653
00703
00753
00803
00853
00903
00953
001003
001053
001103
001153
001203
001253
001303
001353
001403
001453
001503
001553
001603
001653
001703
001753
001803
001853
001903
001953
003
0053
00103
00153
00203
00253
00303
00353
00403
00453
00503
00553
00603
00653
00703
00753
00803
00853
00903
00953
001003
001053
001103
001153
001203
001253
001303
001353
001403
001453
001503
001553
001603
001653
001703
001753
001803
001853
001903
001953
003
0053
00103
00153
00203
00253
00303
00353
00403
00453
00503
00553
00603
00653
00703
00753
00803
00853
00903
00953
001003
001053
001103
001153
001203
001253
001303
001353
001403
001453
001503
001553
001603
001653
001703
001753
001803
001853
001903
001953
003
0053
00103
00153
00203
00253
00303
00353
00403
00453
00503
00553
00603
00653
00703
00753
00803
00853
00903
00953
001003
001053
001103
001153
001203
001253
001303
001353
001403
001453
001503
001553
001603
001653
001703
001753
001803
001853
001903
001953
003
0053
00103
00153
00203
00253
00303
00353
00403
00453
00503
00553
00603
00653
00703
00753
00803
00853
00903
00953
001003
001053
001103
001153
001203
001253
001303
001353
001403
001453
001503
001553
001603
001653
001703
001753
001803
001853
001903
001953
003
0053
00103
00153
00203
00253
00303
00353
00403
00453
00503
00553
00603
00653
00703
00753
00803
00853
00903
00953
001003
001053
001103
001153
001203
001253
001303
001353
001403
001453
001503
001553
001603
001653
001703
001753
001803
001853
001903
001953
003
0053
00103
00153
00203
00253
00303
00353
00403
00453
00503
00553
00603
00653
00703
00753
00803
00853
00903
00953
001003
001053
001103
001153
001203
001253
001303
001353
001403
001453
001503
001553
001603
001653
001703
001753
001803
001853
001903
001953
003
0053
00103
00153
00203
00253
00303
00353
00403
00453
00503
00553
00603
00653
00703
00753
00803
00853
00903
00953
001003
001053
001103
001153
001203
001253
001303
001353
001403
001453
001503
001553
001603
001653
001703
001753
001803
001853
001903
001953
003
0053
00103
00153
00203
00253
00303
00353
00403
00453
00503
00553
00603
00653
00703
00753
00803
00853
00903
00953
001003
001053
001103
001153
001203
001253
001303
001353
